1496214854914428932
1495903311106654220
1495469676641538050
1495462407606620174
1495106474174988289
1494752889088229382
1494751867682836484
1494320871871295490
1493969783775240195
1493496406014836742
1493174491148701698
1492908940564254722
1492834846724571138
1492627078302343169
1492624705773346832
1492058824743731207
1488888202333200384
1487590649587290113
1483143711928242182
1482108332391518210
1482015255849054210
1481368394544947204
1479515628289597446
1479414271780040708
1479046749641654273
1478497504287145986
1478439420999180295
1477748453669322761
1476289476917923840
1475501182013652997
1474822987153084427
1473107935098191875
1465032434215489548
1462421319774085122
1461479944245157888
1450844545709744136
1442842604891262976
1430198309919023116
1497683836553023488
